mypc@mypc-VirtualBox:~$ svn checkout "https://reps.cs.pwr.edu.pl/279765-dir/mk1/List2"                                  
svn: E170013: Unable to connect to a repository at URL 'https://reps.cs.pwr.edu.pl/279765-dir/mk1/List2'
svn: E670002: Name or service not known
mypc@mypc-VirtualBox:~$ svn checkout "https://repo.cs.pwr.edu.pl/279765-dir/mk1/List2"                                 
A    List2/Makefile
A    List2/Zad3Sort.c
A    List2/dualPivotQuickSort.c
A    List2/hybridSort.c
A    List2/insertionSort.c
A    List2/mergeSort.c
A    List2/quickSort.c
A    List2/randomGenerator.c
A    List2/reverseSortedGenerator.c
A    List2/sortedGenerator.c
Checked out revision 3.
mypc@mypc-VirtualBox:~$ cd List2/
mypc@mypc-VirtualBox:~/List2$ make
gcc -pedantic -Wall -o mergeSort mergeSort.c
gcc -pedantic -Wall -o Zad3Sort Zad3Sort.c
gcc -pedantic -Wall -o insertionSort insertionSort.c
gcc -pedantic -Wall -o quickSort quickSort.c
gcc -pedantic -Wall -o hybridSort hybridSort.c
gcc -pedantic -Wall -o dualPivotQuickSort dualPivotQuickSort.c
gcc -pedantic -Wall -I/usr/include/gsl -L/usr/lib/x86_64-linux-gnu randomGenerator.c -lgsl -lgslcblas -lm -o randomGenerator
gcc -pedantic -Wall -o sortedGenerator sortedGenerator.c
gcc -pedantic -Wall -o reverseSortedGenerator reverseSortedGenerator.c
mypc@mypc-VirtualBox:~/List2$ ./randomGenerator 8 | ./insertionSort 40
08 06 02 06 08 03 09 15 
Krok 00: 06 08 02 06 08 03 09 15 
Krok 01: 02 06 08 06 08 03 09 15 
Krok 02: 02 06 06 08 08 03 09 15 
Krok 03: 02 06 06 08 08 03 09 15 
Krok 04: 02 03 06 06 08 08 09 15 
Krok 05: 02 03 06 06 08 08 09 15 
Krok 06: 02 03 06 06 08 08 09 15 
08 06 02 06 08 03 09 15 
02 03 06 06 08 08 09 15 
Tablica posortowana: 1
8 15 15
mypc@mypc-VirtualBox:~/List2$ ./randomGenerator 32 | ./insertionSort 40                                                 
48 20 50 31 45 57 18 40 27 33 00 46 57 43 44 38 63 33 01 36 29 62 17 36 20 16 50 21 55 63 49 53 
Krok 00: 20 48 50 31 45 57 18 40 27 33 00 46 57 43 44 38 63 33 01 36 29 62 17 36 20 16 50 21 55 63 49 53 
Krok 01: 20 48 50 31 45 57 18 40 27 33 00 46 57 43 44 38 63 33 01 36 29 62 17 36 20 16 50 21 55 63 49 53 
Krok 02: 20 31 48 50 45 57 18 40 27 33 00 46 57 43 44 38 63 33 01 36 29 62 17 36 20 16 50 21 55 63 49 53 
Krok 03: 20 31 45 48 50 57 18 40 27 33 00 46 57 43 44 38 63 33 01 36 29 62 17 36 20 16 50 21 55 63 49 53 
Krok 04: 20 31 45 48 50 57 18 40 27 33 00 46 57 43 44 38 63 33 01 36 29 62 17 36 20 16 50 21 55 63 49 53 
Krok 05: 18 20 31 45 48 50 57 40 27 33 00 46 57 43 44 38 63 33 01 36 29 62 17 36 20 16 50 21 55 63 49 53 
Krok 06: 18 20 31 40 45 48 50 57 27 33 00 46 57 43 44 38 63 33 01 36 29 62 17 36 20 16 50 21 55 63 49 53 
Krok 07: 18 20 27 31 40 45 48 50 57 33 00 46 57 43 44 38 63 33 01 36 29 62 17 36 20 16 50 21 55 63 49 53 
Krok 08: 18 20 27 31 33 40 45 48 50 57 00 46 57 43 44 38 63 33 01 36 29 62 17 36 20 16 50 21 55 63 49 53 
Krok 09: 00 18 20 27 31 33 40 45 48 50 57 46 57 43 44 38 63 33 01 36 29 62 17 36 20 16 50 21 55 63 49 53 
Krok 10: 00 18 20 27 31 33 40 45 46 48 50 57 57 43 44 38 63 33 01 36 29 62 17 36 20 16 50 21 55 63 49 53 
Krok 11: 00 18 20 27 31 33 40 45 46 48 50 57 57 43 44 38 63 33 01 36 29 62 17 36 20 16 50 21 55 63 49 53 
Krok 12: 00 18 20 27 31 33 40 43 45 46 48 50 57 57 44 38 63 33 01 36 29 62 17 36 20 16 50 21 55 63 49 53 
Krok 13: 00 18 20 27 31 33 40 43 44 45 46 48 50 57 57 38 63 33 01 36 29 62 17 36 20 16 50 21 55 63 49 53 
Krok 14: 00 18 20 27 31 33 38 40 43 44 45 46 48 50 57 57 63 33 01 36 29 62 17 36 20 16 50 21 55 63 49 53 
Krok 15: 00 18 20 27 31 33 38 40 43 44 45 46 48 50 57 57 63 33 01 36 29 62 17 36 20 16 50 21 55 63 49 53 
Krok 16: 00 18 20 27 31 33 33 38 40 43 44 45 46 48 50 57 57 63 01 36 29 62 17 36 20 16 50 21 55 63 49 53 
Krok 17: 00 01 18 20 27 31 33 33 38 40 43 44 45 46 48 50 57 57 63 36 29 62 17 36 20 16 50 21 55 63 49 53 
Krok 18: 00 01 18 20 27 31 33 33 36 38 40 43 44 45 46 48 50 57 57 63 29 62 17 36 20 16 50 21 55 63 49 53 
Krok 19: 00 01 18 20 27 29 31 33 33 36 38 40 43 44 45 46 48 50 57 57 63 62 17 36 20 16 50 21 55 63 49 53 
Krok 20: 00 01 18 20 27 29 31 33 33 36 38 40 43 44 45 46 48 50 57 57 62 63 17 36 20 16 50 21 55 63 49 53 
Krok 21: 00 01 17 18 20 27 29 31 33 33 36 38 40 43 44 45 46 48 50 57 57 62 63 36 20 16 50 21 55 63 49 53 
Krok 22: 00 01 17 18 20 27 29 31 33 33 36 36 38 40 43 44 45 46 48 50 57 57 62 63 20 16 50 21 55 63 49 53 
Krok 23: 00 01 17 18 20 20 27 29 31 33 33 36 36 38 40 43 44 45 46 48 50 57 57 62 63 16 50 21 55 63 49 53 
Krok 24: 00 01 16 17 18 20 20 27 29 31 33 33 36 36 38 40 43 44 45 46 48 50 57 57 62 63 50 21 55 63 49 53 
Krok 25: 00 01 16 17 18 20 20 27 29 31 33 33 36 36 38 40 43 44 45 46 48 50 50 57 57 62 63 21 55 63 49 53 
Krok 26: 00 01 16 17 18 20 20 21 27 29 31 33 33 36 36 38 40 43 44 45 46 48 50 50 57 57 62 63 55 63 49 53 
Krok 27: 00 01 16 17 18 20 20 21 27 29 31 33 33 36 36 38 40 43 44 45 46 48 50 50 55 57 57 62 63 63 49 53 
Krok 28: 00 01 16 17 18 20 20 21 27 29 31 33 33 36 36 38 40 43 44 45 46 48 50 50 55 57 57 62 63 63 49 53 
Krok 29: 00 01 16 17 18 20 20 21 27 29 31 33 33 36 36 38 40 43 44 45 46 48 49 50 50 55 57 57 62 63 63 53 
Krok 30: 00 01 16 17 18 20 20 21 27 29 31 33 33 36 36 38 40 43 44 45 46 48 49 50 50 53 55 57 57 62 63 63 
48 20 50 31 45 57 18 40 27 33 00 46 57 43 44 38 63 33 01 36 29 62 17 36 20 16 50 21 55 63 49 53 
00 01 16 17 18 20 20 21 27 29 31 33 33 36 36 38 40 43 44 45 46 48 49 50 50 53 55 57 57 62 63 63 
Tablica posortowana: 1
32 262 262
mypc@mypc-VirtualBox:~/List2$ ./randomGenerator 8 | ./quickSort 40                                                      
12 02 11 01 03 09 09 07 
Krok 01 : 02 01 03 [07] 11 09 09 12 
Krok 02 : 02 01 [03] 07 11 09 09 12 
Krok 03 : [01] 02 03 07 11 09 09 12 
Krok 04 : 01 02 03 07 11 09 09 [12] 
Krok 05 : 01 02 03 07 [09] 09 11 12 
Krok 06 : 01 02 03 07 09 09 [11] 12 
12 02 11 01 03 09 09 07 
01 02 03 07 09 09 11 12 
Tablica posortowana: 1 
8 15 16 
mypc@mypc-VirtualBox:~/List2$ ./randomGenerator 32 | ./quickSort 40                                                     
15 09 62 20 61 39 62 46 56 05 12 57 11 24 49 42 60 11 54 50 58 08 05 49 34 19 27 16 04 16 13 42 
Krok 01 : 15 09 20 39 05 12 11 24 11 08 05 34 19 27 16 04 16 13 [42] 50 58 61 62 49 57 62 46 49 42 60 56 54 
Krok 02 : 09 05 12 11 11 08 05 04 [13] 20 39 34 19 27 16 24 16 15 42 50 58 61 62 49 57 62 46 49 42 60 56 54 
Krok 03 : [04] 05 12 11 11 08 05 09 13 20 39 34 19 27 16 24 16 15 42 50 58 61 62 49 57 62 46 49 42 60 56 54 
Krok 04 : 04 05 08 05 [09] 12 11 11 13 20 39 34 19 27 16 24 16 15 42 50 58 61 62 49 57 62 46 49 42 60 56 54 
Krok 05 : 04 [05] 08 05 09 12 11 11 13 20 39 34 19 27 16 24 16 15 42 50 58 61 62 49 57 62 46 49 42 60 56 54 
Krok 06 : 04 05 [05] 08 09 12 11 11 13 20 39 34 19 27 16 24 16 15 42 50 58 61 62 49 57 62 46 49 42 60 56 54 
Krok 07 : 04 05 05 08 09 [11] 11 12 13 20 39 34 19 27 16 24 16 15 42 50 58 61 62 49 57 62 46 49 42 60 56 54 
Krok 08 : 04 05 05 08 09 11 11 [12] 13 20 39 34 19 27 16 24 16 15 42 50 58 61 62 49 57 62 46 49 42 60 56 54 
Krok 09 : 04 05 05 08 09 11 11 12 13 [15] 39 34 19 27 16 24 16 20 42 50 58 61 62 49 57 62 46 49 42 60 56 54 
Krok 10 : 04 05 05 08 09 11 11 12 13 15 19 16 16 [20] 34 24 39 27 42 50 58 61 62 49 57 62 46 49 42 60 56 54 
Krok 11 : 04 05 05 08 09 11 11 12 13 15 [16] 16 19 20 34 24 39 27 42 50 58 61 62 49 57 62 46 49 42 60 56 54 
Krok 12 : 04 05 05 08 09 11 11 12 13 15 16 16 [19] 20 34 24 39 27 42 50 58 61 62 49 57 62 46 49 42 60 56 54 
Krok 13 : 04 05 05 08 09 11 11 12 13 15 16 16 19 20 24 [27] 39 34 42 50 58 61 62 49 57 62 46 49 42 60 56 54 
Krok 14 : 04 05 05 08 09 11 11 12 13 15 16 16 19 20 24 27 [34] 39 42 50 58 61 62 49 57 62 46 49 42 60 56 54 
Krok 15 : 04 05 05 08 09 11 11 12 13 15 16 16 19 20 24 27 34 39 42 50 49 46 49 42 [54] 62 61 62 58 60 56 57 
Krok 16 : 04 05 05 08 09 11 11 12 13 15 16 16 19 20 24 27 34 39 42 [42] 49 46 49 50 54 62 61 62 58 60 56 57 
Krok 17 : 04 05 05 08 09 11 11 12 13 15 16 16 19 20 24 27 34 39 42 42 49 46 49 [50] 54 62 61 62 58 60 56 57 
Krok 18 : 04 05 05 08 09 11 11 12 13 15 16 16 19 20 24 27 34 39 42 42 46 [49] 49 50 54 62 61 62 58 60 56 57 
Krok 19 : 04 05 05 08 09 11 11 12 13 15 16 16 19 20 24 27 34 39 42 42 46 49 49 50 54 56 [57] 62 58 60 62 61 
Krok 20 : 04 05 05 08 09 11 11 12 13 15 16 16 19 20 24 27 34 39 42 42 46 49 49 50 54 56 57 58 60 [61] 62 62 
Krok 21 : 04 05 05 08 09 11 11 12 13 15 16 16 19 20 24 27 34 39 42 42 46 49 49 50 54 56 57 58 [60] 61 62 62 
Krok 22 : 04 05 05 08 09 11 11 12 13 15 16 16 19 20 24 27 34 39 42 42 46 49 49 50 54 56 57 58 60 61 [62] 62 
15 09 62 20 61 39 62 46 56 05 12 57 11 24 49 42 60 11 54 50 58 08 05 49 34 19 27 16 04 16 13 42 
04 05 05 08 09 11 11 12 13 15 16 16 19 20 24 27 34 39 42 42 46 49 49 50 54 56 57 58 60 61 62 62 
Tablica posortowana: 1 
32 70 122 
mypc@mypc-VirtualBox:~/List2$ ./randomGenerator 8 | ./hybridSort 40                                                     
06 02 01 13 02 11 09 08 
Krok 01: 06 02 01 02 [08] 11 09 13 
Krok 02: 06 02 01 02 08 09 11 13 
Krok 03: 06 02 01 02 08 09 11 13 
Krok 04: 02 06 01 02 08 09 11 13 
Krok 05: 01 02 06 02 08 09 11 13 
Krok 06: 01 02 02 06 08 09 11 13 
06 02 01 13 02 11 09 08 
01 02 02 06 08 09 11 13 
Tablica posortowana: 1
8 15 17
mypc@mypc-VirtualBox:~/List2$ ./randomGenerator 32 | ./hybridSort 40                                                    
31 57 57 36 31 00 46 49 49 25 53 38 52 43 23 21 44 13 34 12 37 17 50 26 10 13 02 18 62 06 18 06 
Krok 01: 00 02 [06] 36 31 31 46 49 49 25 53 38 52 43 23 21 44 13 34 12 37 17 50 26 10 13 57 18 62 06 18 57 
Krok 02: 00 02 06 36 31 31 46 49 49 25 53 38 52 43 23 21 44 13 34 12 37 17 50 26 10 13 57 18 62 06 18 57 
Krok 03: 00 02 06 36 31 31 46 49 49 25 53 38 52 43 23 21 44 13 34 12 37 17 50 26 10 13 18 06 18 [57] 62 57 
Krok 04: 00 02 06 36 31 31 46 49 49 25 53 38 52 43 23 21 44 13 34 12 37 17 50 26 10 13 18 06 18 57 57 62 
Krok 05: 00 02 06 13 12 17 10 13 06 [18] 53 38 52 43 23 21 44 36 34 31 37 31 50 26 46 49 18 49 25 57 57 62 
Krok 06: 00 02 06 [06] 12 17 10 13 13 18 53 38 52 43 23 21 44 36 34 31 37 31 50 26 46 49 18 49 25 57 57 62 
Krok 07: 00 02 06 06 12 17 10 13 13 18 53 38 52 43 23 21 44 36 34 31 37 31 50 26 46 49 18 49 25 57 57 62 
Krok 08: 00 02 06 06 10 12 17 13 13 18 53 38 52 43 23 21 44 36 34 31 37 31 50 26 46 49 18 49 25 57 57 62 
Krok 09: 00 02 06 06 10 12 13 17 13 18 53 38 52 43 23 21 44 36 34 31 37 31 50 26 46 49 18 49 25 57 57 62 
Krok 10: 00 02 06 06 10 12 13 13 17 18 53 38 52 43 23 21 44 36 34 31 37 31 50 26 46 49 18 49 25 57 57 62 
Krok 11: 00 02 06 06 10 12 13 13 17 18 23 21 18 [25] 53 38 44 36 34 31 37 31 50 26 46 49 52 49 43 57 57 62 
Krok 12: 00 02 06 06 10 12 13 13 17 18 21 23 18 25 53 38 44 36 34 31 37 31 50 26 46 49 52 49 43 57 57 62 
Krok 13: 00 02 06 06 10 12 13 13 17 18 18 21 23 25 53 38 44 36 34 31 37 31 50 26 46 49 52 49 43 57 57 62 
Krok 14: 00 02 06 06 10 12 13 13 17 18 18 21 23 25 38 36 34 31 37 31 26 [43] 50 44 46 49 52 49 53 57 57 62 
Krok 15: 00 02 06 06 10 12 13 13 17 18 18 21 23 25 38 36 34 31 37 31 26 43 50 44 46 49 52 49 [53] 57 57 62 
Krok 16: 00 02 06 06 10 12 13 13 17 18 18 21 23 25 38 36 34 31 37 31 26 43 44 46 [49] 49 52 50 53 57 57 62 
Krok 17: 00 02 06 06 10 12 13 13 17 18 18 21 23 25 38 36 34 31 37 31 26 43 44 46 49 49 52 50 53 57 57 62 
Krok 18: 00 02 06 06 10 12 13 13 17 18 18 21 23 25 38 36 34 31 37 31 26 43 44 46 49 49 52 50 53 57 57 62 
Krok 19: 00 02 06 06 10 12 13 13 17 18 18 21 23 25 38 36 34 31 37 31 26 43 44 46 49 49 50 52 53 57 57 62 
Krok 20: 00 02 06 06 10 12 13 13 17 18 18 21 23 25 [26] 36 34 31 37 31 38 43 44 46 49 49 50 52 53 57 57 62 
Krok 21: 00 02 06 06 10 12 13 13 17 18 18 21 23 25 26 36 34 31 37 31 [38] 43 44 46 49 49 50 52 53 57 57 62 
Krok 22: 00 02 06 06 10 12 13 13 17 18 18 21 23 25 26 34 36 31 37 31 38 43 44 46 49 49 50 52 53 57 57 62 
Krok 23: 00 02 06 06 10 12 13 13 17 18 18 21 23 25 26 31 34 36 37 31 38 43 44 46 49 49 50 52 53 57 57 62 
Krok 24: 00 02 06 06 10 12 13 13 17 18 18 21 23 25 26 31 34 36 37 31 38 43 44 46 49 49 50 52 53 57 57 62 
Krok 25: 00 02 06 06 10 12 13 13 17 18 18 21 23 25 26 31 31 34 36 37 38 43 44 46 49 49 50 52 53 57 57 62 
31 57 57 36 31 00 46 49 49 25 53 38 52 43 23 21 44 13 34 12 37 17 50 26 10 13 02 18 62 06 18 06 
00 02 06 06 10 12 13 13 17 18 18 21 23 25 26 31 31 34 36 37 38 43 44 46 49 49 50 52 53 57 57 62 
Tablica posortowana: 1
32 97 173
mypc@mypc-VirtualBox:~/List2$ ./sortedGenerator 8 | ./insertionSort 40                                                  
01 02 03 04 05 06 07 08 
Krok 00: 01 02 03 04 05 06 07 08 
Krok 01: 01 02 03 04 05 06 07 08 
Krok 02: 01 02 03 04 05 06 07 08 
Krok 03: 01 02 03 04 05 06 07 08 
Krok 04: 01 02 03 04 05 06 07 08 
Krok 05: 01 02 03 04 05 06 07 08 
Krok 06: 01 02 03 04 05 06 07 08 
01 02 03 04 05 06 07 08 
01 02 03 04 05 06 07 08 
Tablica posortowana: 1
8 7 7
mypc@mypc-VirtualBox:~/List2$ ./sortedGenerator 32 | ./insertionSort 40                                                 
01 02 03 04 05 06 07 08 09 10 11 12 13 14 15 16 17 18 19 20 21 22 23 24 25 26 27 28 29 30 31 32 
Krok 00: 01 02 03 04 05 06 07 08 09 10 11 12 13 14 15 16 17 18 19 20 21 22 23 24 25 26 27 28 29 30 31 32 
Krok 01: 01 02 03 04 05 06 07 08 09 10 11 12 13 14 15 16 17 18 19 20 21 22 23 24 25 26 27 28 29 30 31 32 
Krok 02: 01 02 03 04 05 06 07 08 09 10 11 12 13 14 15 16 17 18 19 20 21 22 23 24 25 26 27 28 29 30 31 32 
Krok 03: 01 02 03 04 05 06 07 08 09 10 11 12 13 14 15 16 17 18 19 20 21 22 23 24 25 26 27 28 29 30 31 32 
Krok 04: 01 02 03 04 05 06 07 08 09 10 11 12 13 14 15 16 17 18 19 20 21 22 23 24 25 26 27 28 29 30 31 32 
Krok 05: 01 02 03 04 05 06 07 08 09 10 11 12 13 14 15 16 17 18 19 20 21 22 23 24 25 26 27 28 29 30 31 32 
Krok 06: 01 02 03 04 05 06 07 08 09 10 11 12 13 14 15 16 17 18 19 20 21 22 23 24 25 26 27 28 29 30 31 32 
Krok 07: 01 02 03 04 05 06 07 08 09 10 11 12 13 14 15 16 17 18 19 20 21 22 23 24 25 26 27 28 29 30 31 32 
Krok 08: 01 02 03 04 05 06 07 08 09 10 11 12 13 14 15 16 17 18 19 20 21 22 23 24 25 26 27 28 29 30 31 32 
Krok 09: 01 02 03 04 05 06 07 08 09 10 11 12 13 14 15 16 17 18 19 20 21 22 23 24 25 26 27 28 29 30 31 32 
Krok 10: 01 02 03 04 05 06 07 08 09 10 11 12 13 14 15 16 17 18 19 20 21 22 23 24 25 26 27 28 29 30 31 32 
Krok 11: 01 02 03 04 05 06 07 08 09 10 11 12 13 14 15 16 17 18 19 20 21 22 23 24 25 26 27 28 29 30 31 32 
Krok 12: 01 02 03 04 05 06 07 08 09 10 11 12 13 14 15 16 17 18 19 20 21 22 23 24 25 26 27 28 29 30 31 32 
Krok 13: 01 02 03 04 05 06 07 08 09 10 11 12 13 14 15 16 17 18 19 20 21 22 23 24 25 26 27 28 29 30 31 32 
Krok 14: 01 02 03 04 05 06 07 08 09 10 11 12 13 14 15 16 17 18 19 20 21 22 23 24 25 26 27 28 29 30 31 32 
Krok 15: 01 02 03 04 05 06 07 08 09 10 11 12 13 14 15 16 17 18 19 20 21 22 23 24 25 26 27 28 29 30 31 32 
Krok 16: 01 02 03 04 05 06 07 08 09 10 11 12 13 14 15 16 17 18 19 20 21 22 23 24 25 26 27 28 29 30 31 32 
Krok 17: 01 02 03 04 05 06 07 08 09 10 11 12 13 14 15 16 17 18 19 20 21 22 23 24 25 26 27 28 29 30 31 32 
Krok 18: 01 02 03 04 05 06 07 08 09 10 11 12 13 14 15 16 17 18 19 20 21 22 23 24 25 26 27 28 29 30 31 32 
Krok 19: 01 02 03 04 05 06 07 08 09 10 11 12 13 14 15 16 17 18 19 20 21 22 23 24 25 26 27 28 29 30 31 32 
Krok 20: 01 02 03 04 05 06 07 08 09 10 11 12 13 14 15 16 17 18 19 20 21 22 23 24 25 26 27 28 29 30 31 32 
Krok 21: 01 02 03 04 05 06 07 08 09 10 11 12 13 14 15 16 17 18 19 20 21 22 23 24 25 26 27 28 29 30 31 32 
Krok 22: 01 02 03 04 05 06 07 08 09 10 11 12 13 14 15 16 17 18 19 20 21 22 23 24 25 26 27 28 29 30 31 32 
Krok 23: 01 02 03 04 05 06 07 08 09 10 11 12 13 14 15 16 17 18 19 20 21 22 23 24 25 26 27 28 29 30 31 32 
Krok 24: 01 02 03 04 05 06 07 08 09 10 11 12 13 14 15 16 17 18 19 20 21 22 23 24 25 26 27 28 29 30 31 32 
Krok 25: 01 02 03 04 05 06 07 08 09 10 11 12 13 14 15 16 17 18 19 20 21 22 23 24 25 26 27 28 29 30 31 32 
Krok 26: 01 02 03 04 05 06 07 08 09 10 11 12 13 14 15 16 17 18 19 20 21 22 23 24 25 26 27 28 29 30 31 32 
Krok 27: 01 02 03 04 05 06 07 08 09 10 11 12 13 14 15 16 17 18 19 20 21 22 23 24 25 26 27 28 29 30 31 32 
Krok 28: 01 02 03 04 05 06 07 08 09 10 11 12 13 14 15 16 17 18 19 20 21 22 23 24 25 26 27 28 29 30 31 32 
Krok 29: 01 02 03 04 05 06 07 08 09 10 11 12 13 14 15 16 17 18 19 20 21 22 23 24 25 26 27 28 29 30 31 32 
Krok 30: 01 02 03 04 05 06 07 08 09 10 11 12 13 14 15 16 17 18 19 20 21 22 23 24 25 26 27 28 29 30 31 32 
01 02 03 04 05 06 07 08 09 10 11 12 13 14 15 16 17 18 19 20 21 22 23 24 25 26 27 28 29 30 31 32 
01 02 03 04 05 06 07 08 09 10 11 12 13 14 15 16 17 18 19 20 21 22 23 24 25 26 27 28 29 30 31 32 
Tablica posortowana: 1
32 31 31
mypc@mypc-VirtualBox:~/List2$ ./sortedGenerator 8 | ./quickSort 40                                                      
01 02 03 04 05 06 07 08 
Krok 01 : 01 02 03 04 05 06 07 [08] 
Krok 02 : 01 02 03 04 05 06 [07] 08 
Krok 03 : 01 02 03 04 05 [06] 07 08 
Krok 04 : 01 02 03 04 [05] 06 07 08 
Krok 05 : 01 02 03 [04] 05 06 07 08 
Krok 06 : 01 02 [03] 04 05 06 07 08 
Krok 07 : 01 [02] 03 04 05 06 07 08 
01 02 03 04 05 06 07 08 
01 02 03 04 05 06 07 08 
Tablica posortowana: 1 
8 35 28 
mypc@mypc-VirtualBox:~/List2$ ./sortedGenerator 32 | ./quickSort 40                                                     
01 02 03 04 05 06 07 08 09 10 11 12 13 14 15 16 17 18 19 20 21 22 23 24 25 26 27 28 29 30 31 32 
Krok 01 : 01 02 03 04 05 06 07 08 09 10 11 12 13 14 15 16 17 18 19 20 21 22 23 24 25 26 27 28 29 30 31 [32] 
Krok 02 : 01 02 03 04 05 06 07 08 09 10 11 12 13 14 15 16 17 18 19 20 21 22 23 24 25 26 27 28 29 30 [31] 32 
Krok 03 : 01 02 03 04 05 06 07 08 09 10 11 12 13 14 15 16 17 18 19 20 21 22 23 24 25 26 27 28 29 [30] 31 32 
Krok 04 : 01 02 03 04 05 06 07 08 09 10 11 12 13 14 15 16 17 18 19 20 21 22 23 24 25 26 27 28 [29] 30 31 32 
Krok 05 : 01 02 03 04 05 06 07 08 09 10 11 12 13 14 15 16 17 18 19 20 21 22 23 24 25 26 27 [28] 29 30 31 32 
Krok 06 : 01 02 03 04 05 06 07 08 09 10 11 12 13 14 15 16 17 18 19 20 21 22 23 24 25 26 [27] 28 29 30 31 32 
Krok 07 : 01 02 03 04 05 06 07 08 09 10 11 12 13 14 15 16 17 18 19 20 21 22 23 24 25 [26] 27 28 29 30 31 32 
Krok 08 : 01 02 03 04 05 06 07 08 09 10 11 12 13 14 15 16 17 18 19 20 21 22 23 24 [25] 26 27 28 29 30 31 32 
Krok 09 : 01 02 03 04 05 06 07 08 09 10 11 12 13 14 15 16 17 18 19 20 21 22 23 [24] 25 26 27 28 29 30 31 32 
Krok 10 : 01 02 03 04 05 06 07 08 09 10 11 12 13 14 15 16 17 18 19 20 21 22 [23] 24 25 26 27 28 29 30 31 32 
Krok 11 : 01 02 03 04 05 06 07 08 09 10 11 12 13 14 15 16 17 18 19 20 21 [22] 23 24 25 26 27 28 29 30 31 32 
Krok 12 : 01 02 03 04 05 06 07 08 09 10 11 12 13 14 15 16 17 18 19 20 [21] 22 23 24 25 26 27 28 29 30 31 32 
Krok 13 : 01 02 03 04 05 06 07 08 09 10 11 12 13 14 15 16 17 18 19 [20] 21 22 23 24 25 26 27 28 29 30 31 32 
Krok 14 : 01 02 03 04 05 06 07 08 09 10 11 12 13 14 15 16 17 18 [19] 20 21 22 23 24 25 26 27 28 29 30 31 32 
Krok 15 : 01 02 03 04 05 06 07 08 09 10 11 12 13 14 15 16 17 [18] 19 20 21 22 23 24 25 26 27 28 29 30 31 32 
Krok 16 : 01 02 03 04 05 06 07 08 09 10 11 12 13 14 15 16 [17] 18 19 20 21 22 23 24 25 26 27 28 29 30 31 32 
Krok 17 : 01 02 03 04 05 06 07 08 09 10 11 12 13 14 15 [16] 17 18 19 20 21 22 23 24 25 26 27 28 29 30 31 32 
Krok 18 : 01 02 03 04 05 06 07 08 09 10 11 12 13 14 [15] 16 17 18 19 20 21 22 23 24 25 26 27 28 29 30 31 32 
Krok 19 : 01 02 03 04 05 06 07 08 09 10 11 12 13 [14] 15 16 17 18 19 20 21 22 23 24 25 26 27 28 29 30 31 32 
Krok 20 : 01 02 03 04 05 06 07 08 09 10 11 12 [13] 14 15 16 17 18 19 20 21 22 23 24 25 26 27 28 29 30 31 32 
Krok 21 : 01 02 03 04 05 06 07 08 09 10 11 [12] 13 14 15 16 17 18 19 20 21 22 23 24 25 26 27 28 29 30 31 32 
Krok 22 : 01 02 03 04 05 06 07 08 09 10 [11] 12 13 14 15 16 17 18 19 20 21 22 23 24 25 26 27 28 29 30 31 32 
Krok 23 : 01 02 03 04 05 06 07 08 09 [10] 11 12 13 14 15 16 17 18 19 20 21 22 23 24 25 26 27 28 29 30 31 32 
Krok 24 : 01 02 03 04 05 06 07 08 [09] 10 11 12 13 14 15 16 17 18 19 20 21 22 23 24 25 26 27 28 29 30 31 32 
Krok 25 : 01 02 03 04 05 06 07 [08] 09 10 11 12 13 14 15 16 17 18 19 20 21 22 23 24 25 26 27 28 29 30 31 32 
Krok 26 : 01 02 03 04 05 06 [07] 08 09 10 11 12 13 14 15 16 17 18 19 20 21 22 23 24 25 26 27 28 29 30 31 32 
Krok 27 : 01 02 03 04 05 [06] 07 08 09 10 11 12 13 14 15 16 17 18 19 20 21 22 23 24 25 26 27 28 29 30 31 32 
Krok 28 : 01 02 03 04 [05] 06 07 08 09 10 11 12 13 14 15 16 17 18 19 20 21 22 23 24 25 26 27 28 29 30 31 32 
Krok 29 : 01 02 03 [04] 05 06 07 08 09 10 11 12 13 14 15 16 17 18 19 20 21 22 23 24 25 26 27 28 29 30 31 32 
Krok 30 : 01 02 [03] 04 05 06 07 08 09 10 11 12 13 14 15 16 17 18 19 20 21 22 23 24 25 26 27 28 29 30 31 32 
Krok 31 : 01 [02] 03 04 05 06 07 08 09 10 11 12 13 14 15 16 17 18 19 20 21 22 23 24 25 26 27 28 29 30 31 32 
01 02 03 04 05 06 07 08 09 10 11 12 13 14 15 16 17 18 19 20 21 22 23 24 25 26 27 28 29 30 31 32 
01 02 03 04 05 06 07 08 09 10 11 12 13 14 15 16 17 18 19 20 21 22 23 24 25 26 27 28 29 30 31 32 
Tablica posortowana: 1 
32 527 496 
mypc@mypc-VirtualBox:~/List2$ ./sortedGenerator 8 | ./hybridSort 40                                                     
01 02 03 04 05 06 07 08 
Krok 01: 01 02 03 04 05 06 07 [08] 
Krok 02: 01 02 03 04 05 06 [07] 08 
Krok 03: 01 02 03 04 05 [06] 07 08 
Krok 04: 01 02 03 04 05 06 07 08 
Krok 05: 01 02 03 04 05 06 07 08 
Krok 06: 01 02 03 04 05 06 07 08 
Krok 07: 01 02 03 04 05 06 07 08 
01 02 03 04 05 06 07 08 
01 02 03 04 05 06 07 08 
Tablica posortowana: 1
8 25 22
mypc@mypc-VirtualBox:~/List2$ ./sortedGenerator 32 | ./hybridSort 40                                                    
01 02 03 04 05 06 07 08 09 10 11 12 13 14 15 16 17 18 19 20 21 22 23 24 25 26 27 28 29 30 31 32 
Krok 01: 01 02 03 04 05 06 07 08 09 10 11 12 13 14 15 16 17 18 19 20 21 22 23 24 25 26 27 28 29 30 31 [32] 
Krok 02: 01 02 03 04 05 06 07 08 09 10 11 12 13 14 15 16 17 18 19 20 21 22 23 24 25 26 27 28 29 30 [31] 32 
Krok 03: 01 02 03 04 05 06 07 08 09 10 11 12 13 14 15 16 17 18 19 20 21 22 23 24 25 26 27 28 29 [30] 31 32 
Krok 04: 01 02 03 04 05 06 07 08 09 10 11 12 13 14 15 16 17 18 19 20 21 22 23 24 25 26 27 28 [29] 30 31 32 
Krok 05: 01 02 03 04 05 06 07 08 09 10 11 12 13 14 15 16 17 18 19 20 21 22 23 24 25 26 27 [28] 29 30 31 32 
Krok 06: 01 02 03 04 05 06 07 08 09 10 11 12 13 14 15 16 17 18 19 20 21 22 23 24 25 26 [27] 28 29 30 31 32 
Krok 07: 01 02 03 04 05 06 07 08 09 10 11 12 13 14 15 16 17 18 19 20 21 22 23 24 25 [26] 27 28 29 30 31 32 
Krok 08: 01 02 03 04 05 06 07 08 09 10 11 12 13 14 15 16 17 18 19 20 21 22 23 24 [25] 26 27 28 29 30 31 32 
Krok 09: 01 02 03 04 05 06 07 08 09 10 11 12 13 14 15 16 17 18 19 20 21 22 23 [24] 25 26 27 28 29 30 31 32 
Krok 10: 01 02 03 04 05 06 07 08 09 10 11 12 13 14 15 16 17 18 19 20 21 22 [23] 24 25 26 27 28 29 30 31 32 
Krok 11: 01 02 03 04 05 06 07 08 09 10 11 12 13 14 15 16 17 18 19 20 21 [22] 23 24 25 26 27 28 29 30 31 32 
Krok 12: 01 02 03 04 05 06 07 08 09 10 11 12 13 14 15 16 17 18 19 20 [21] 22 23 24 25 26 27 28 29 30 31 32 
Krok 13: 01 02 03 04 05 06 07 08 09 10 11 12 13 14 15 16 17 18 19 [20] 21 22 23 24 25 26 27 28 29 30 31 32 
Krok 14: 01 02 03 04 05 06 07 08 09 10 11 12 13 14 15 16 17 18 [19] 20 21 22 23 24 25 26 27 28 29 30 31 32 
Krok 15: 01 02 03 04 05 06 07 08 09 10 11 12 13 14 15 16 17 [18] 19 20 21 22 23 24 25 26 27 28 29 30 31 32 
Krok 16: 01 02 03 04 05 06 07 08 09 10 11 12 13 14 15 16 [17] 18 19 20 21 22 23 24 25 26 27 28 29 30 31 32 
Krok 17: 01 02 03 04 05 06 07 08 09 10 11 12 13 14 15 [16] 17 18 19 20 21 22 23 24 25 26 27 28 29 30 31 32 
Krok 18: 01 02 03 04 05 06 07 08 09 10 11 12 13 14 [15] 16 17 18 19 20 21 22 23 24 25 26 27 28 29 30 31 32 
Krok 19: 01 02 03 04 05 06 07 08 09 10 11 12 13 [14] 15 16 17 18 19 20 21 22 23 24 25 26 27 28 29 30 31 32 
Krok 20: 01 02 03 04 05 06 07 08 09 10 11 12 [13] 14 15 16 17 18 19 20 21 22 23 24 25 26 27 28 29 30 31 32 
Krok 21: 01 02 03 04 05 06 07 08 09 10 11 [12] 13 14 15 16 17 18 19 20 21 22 23 24 25 26 27 28 29 30 31 32 
Krok 22: 01 02 03 04 05 06 07 08 09 10 [11] 12 13 14 15 16 17 18 19 20 21 22 23 24 25 26 27 28 29 30 31 32 
Krok 23: 01 02 03 04 05 06 07 08 09 [10] 11 12 13 14 15 16 17 18 19 20 21 22 23 24 25 26 27 28 29 30 31 32 
Krok 24: 01 02 03 04 05 06 07 08 [09] 10 11 12 13 14 15 16 17 18 19 20 21 22 23 24 25 26 27 28 29 30 31 32 
Krok 25: 01 02 03 04 05 06 07 [08] 09 10 11 12 13 14 15 16 17 18 19 20 21 22 23 24 25 26 27 28 29 30 31 32 
Krok 26: 01 02 03 04 05 06 [07] 08 09 10 11 12 13 14 15 16 17 18 19 20 21 22 23 24 25 26 27 28 29 30 31 32 
Krok 27: 01 02 03 04 05 [06] 07 08 09 10 11 12 13 14 15 16 17 18 19 20 21 22 23 24 25 26 27 28 29 30 31 32 
Krok 28: 01 02 03 04 05 06 07 08 09 10 11 12 13 14 15 16 17 18 19 20 21 22 23 24 25 26 27 28 29 30 31 32 
Krok 29: 01 02 03 04 05 06 07 08 09 10 11 12 13 14 15 16 17 18 19 20 21 22 23 24 25 26 27 28 29 30 31 32 
Krok 30: 01 02 03 04 05 06 07 08 09 10 11 12 13 14 15 16 17 18 19 20 21 22 23 24 25 26 27 28 29 30 31 32 
Krok 31: 01 02 03 04 05 06 07 08 09 10 11 12 13 14 15 16 17 18 19 20 21 22 23 24 25 26 27 28 29 30 31 32 
01 02 03 04 05 06 07 08 09 10 11 12 13 14 15 16 17 18 19 20 21 22 23 24 25 26 27 28 29 30 31 32 
01 02 03 04 05 06 07 08 09 10 11 12 13 14 15 16 17 18 19 20 21 22 23 24 25 26 27 28 29 30 31 32 
Tablica posortowana: 1
32 517 490
mypc@mypc-VirtualBox:~/List2$ ./reverseSortedGenerator 8 | ./insertionSort 40                                           
08 07 06 05 04 03 02 01 
Krok 00: 07 08 06 05 04 03 02 01 
Krok 01: 06 07 08 05 04 03 02 01 
Krok 02: 05 06 07 08 04 03 02 01 
Krok 03: 04 05 06 07 08 03 02 01 
Krok 04: 03 04 05 06 07 08 02 01 
Krok 05: 02 03 04 05 06 07 08 01 
Krok 06: 01 02 03 04 05 06 07 08 
08 07 06 05 04 03 02 01 
01 02 03 04 05 06 07 08 
Tablica posortowana: 1
8 35 35
mypc@mypc-VirtualBox:~/List2$ ./reverseSortedGenerator 32 | ./insertionSort 40                                          
32 31 30 29 28 27 26 25 24 23 22 21 20 19 18 17 16 15 14 13 12 11 10 09 08 07 06 05 04 03 02 01 
Krok 00: 31 32 30 29 28 27 26 25 24 23 22 21 20 19 18 17 16 15 14 13 12 11 10 09 08 07 06 05 04 03 02 01 
Krok 01: 30 31 32 29 28 27 26 25 24 23 22 21 20 19 18 17 16 15 14 13 12 11 10 09 08 07 06 05 04 03 02 01 
Krok 02: 29 30 31 32 28 27 26 25 24 23 22 21 20 19 18 17 16 15 14 13 12 11 10 09 08 07 06 05 04 03 02 01 
Krok 03: 28 29 30 31 32 27 26 25 24 23 22 21 20 19 18 17 16 15 14 13 12 11 10 09 08 07 06 05 04 03 02 01 
Krok 04: 27 28 29 30 31 32 26 25 24 23 22 21 20 19 18 17 16 15 14 13 12 11 10 09 08 07 06 05 04 03 02 01 
Krok 05: 26 27 28 29 30 31 32 25 24 23 22 21 20 19 18 17 16 15 14 13 12 11 10 09 08 07 06 05 04 03 02 01 
Krok 06: 25 26 27 28 29 30 31 32 24 23 22 21 20 19 18 17 16 15 14 13 12 11 10 09 08 07 06 05 04 03 02 01 
Krok 07: 24 25 26 27 28 29 30 31 32 23 22 21 20 19 18 17 16 15 14 13 12 11 10 09 08 07 06 05 04 03 02 01 
Krok 08: 23 24 25 26 27 28 29 30 31 32 22 21 20 19 18 17 16 15 14 13 12 11 10 09 08 07 06 05 04 03 02 01 
Krok 09: 22 23 24 25 26 27 28 29 30 31 32 21 20 19 18 17 16 15 14 13 12 11 10 09 08 07 06 05 04 03 02 01 
Krok 10: 21 22 23 24 25 26 27 28 29 30 31 32 20 19 18 17 16 15 14 13 12 11 10 09 08 07 06 05 04 03 02 01 
Krok 11: 20 21 22 23 24 25 26 27 28 29 30 31 32 19 18 17 16 15 14 13 12 11 10 09 08 07 06 05 04 03 02 01 
Krok 12: 19 20 21 22 23 24 25 26 27 28 29 30 31 32 18 17 16 15 14 13 12 11 10 09 08 07 06 05 04 03 02 01 
Krok 13: 18 19 20 21 22 23 24 25 26 27 28 29 30 31 32 17 16 15 14 13 12 11 10 09 08 07 06 05 04 03 02 01 
Krok 14: 17 18 19 20 21 22 23 24 25 26 27 28 29 30 31 32 16 15 14 13 12 11 10 09 08 07 06 05 04 03 02 01 
Krok 15: 16 17 18 19 20 21 22 23 24 25 26 27 28 29 30 31 32 15 14 13 12 11 10 09 08 07 06 05 04 03 02 01 
Krok 16: 15 16 17 18 19 20 21 22 23 24 25 26 27 28 29 30 31 32 14 13 12 11 10 09 08 07 06 05 04 03 02 01 
Krok 17: 14 15 16 17 18 19 20 21 22 23 24 25 26 27 28 29 30 31 32 13 12 11 10 09 08 07 06 05 04 03 02 01 
Krok 18: 13 14 15 16 17 18 19 20 21 22 23 24 25 26 27 28 29 30 31 32 12 11 10 09 08 07 06 05 04 03 02 01 
Krok 19: 12 13 14 15 16 17 18 19 20 21 22 23 24 25 26 27 28 29 30 31 32 11 10 09 08 07 06 05 04 03 02 01 
Krok 20: 11 12 13 14 15 16 17 18 19 20 21 22 23 24 25 26 27 28 29 30 31 32 10 09 08 07 06 05 04 03 02 01 
Krok 21: 10 11 12 13 14 15 16 17 18 19 20 21 22 23 24 25 26 27 28 29 30 31 32 09 08 07 06 05 04 03 02 01 
Krok 22: 09 10 11 12 13 14 15 16 17 18 19 20 21 22 23 24 25 26 27 28 29 30 31 32 08 07 06 05 04 03 02 01 
Krok 23: 08 09 10 11 12 13 14 15 16 17 18 19 20 21 22 23 24 25 26 27 28 29 30 31 32 07 06 05 04 03 02 01 
Krok 24: 07 08 09 10 11 12 13 14 15 16 17 18 19 20 21 22 23 24 25 26 27 28 29 30 31 32 06 05 04 03 02 01 
Krok 25: 06 07 08 09 10 11 12 13 14 15 16 17 18 19 20 21 22 23 24 25 26 27 28 29 30 31 32 05 04 03 02 01 
Krok 26: 05 06 07 08 09 10 11 12 13 14 15 16 17 18 19 20 21 22 23 24 25 26 27 28 29 30 31 32 04 03 02 01 
Krok 27: 04 05 06 07 08 09 10 11 12 13 14 15 16 17 18 19 20 21 22 23 24 25 26 27 28 29 30 31 32 03 02 01 
Krok 28: 03 04 05 06 07 08 09 10 11 12 13 14 15 16 17 18 19 20 21 22 23 24 25 26 27 28 29 30 31 32 02 01 
Krok 29: 02 03 04 05 06 07 08 09 10 11 12 13 14 15 16 17 18 19 20 21 22 23 24 25 26 27 28 29 30 31 32 01 
Krok 30: 01 02 03 04 05 06 07 08 09 10 11 12 13 14 15 16 17 18 19 20 21 22 23 24 25 26 27 28 29 30 31 32 
32 31 30 29 28 27 26 25 24 23 22 21 20 19 18 17 16 15 14 13 12 11 10 09 08 07 06 05 04 03 02 01 
01 02 03 04 05 06 07 08 09 10 11 12 13 14 15 16 17 18 19 20 21 22 23 24 25 26 27 28 29 30 31 32 
Tablica posortowana: 1
32 527 527
mypc@mypc-VirtualBox:~/List2$ ./reverseSortedGenerator 8 | ./quickSort 40                                               
08 07 06 05 04 03 02 01 
Krok 01 : [01] 07 06 05 04 03 02 08 
Krok 02 : 01 07 06 05 04 03 02 [08] 
Krok 03 : 01 [02] 06 05 04 03 07 08 
Krok 04 : 01 02 06 05 04 03 [07] 08 
Krok 05 : 01 02 [03] 05 04 06 07 08 
Krok 06 : 01 02 03 05 04 [06] 07 08 
Krok 07 : 01 02 03 [04] 05 06 07 08 
08 07 06 05 04 03 02 01 
01 02 03 04 05 06 07 08 
Tablica posortowana: 1 
8 19 28 
mypc@mypc-VirtualBox:~/List2$ ./reverseSortedGenerator 32 | ./quickSort 40                                              
32 31 30 29 28 27 26 25 24 23 22 21 20 19 18 17 16 15 14 13 12 11 10 09 08 07 06 05 04 03 02 01 
Krok 01 : [01] 31 30 29 28 27 26 25 24 23 22 21 20 19 18 17 16 15 14 13 12 11 10 09 08 07 06 05 04 03 02 32 
Krok 02 : 01 31 30 29 28 27 26 25 24 23 22 21 20 19 18 17 16 15 14 13 12 11 10 09 08 07 06 05 04 03 02 [32] 
Krok 03 : 01 [02] 30 29 28 27 26 25 24 23 22 21 20 19 18 17 16 15 14 13 12 11 10 09 08 07 06 05 04 03 31 32 
Krok 04 : 01 02 30 29 28 27 26 25 24 23 22 21 20 19 18 17 16 15 14 13 12 11 10 09 08 07 06 05 04 03 [31] 32 
Krok 05 : 01 02 [03] 29 28 27 26 25 24 23 22 21 20 19 18 17 16 15 14 13 12 11 10 09 08 07 06 05 04 30 31 32 
Krok 06 : 01 02 03 29 28 27 26 25 24 23 22 21 20 19 18 17 16 15 14 13 12 11 10 09 08 07 06 05 04 [30] 31 32 
Krok 07 : 01 02 03 [04] 28 27 26 25 24 23 22 21 20 19 18 17 16 15 14 13 12 11 10 09 08 07 06 05 29 30 31 32 
Krok 08 : 01 02 03 04 28 27 26 25 24 23 22 21 20 19 18 17 16 15 14 13 12 11 10 09 08 07 06 05 [29] 30 31 32 
Krok 09 : 01 02 03 04 [05] 27 26 25 24 23 22 21 20 19 18 17 16 15 14 13 12 11 10 09 08 07 06 28 29 30 31 32 
Krok 10 : 01 02 03 04 05 27 26 25 24 23 22 21 20 19 18 17 16 15 14 13 12 11 10 09 08 07 06 [28] 29 30 31 32 
Krok 11 : 01 02 03 04 05 [06] 26 25 24 23 22 21 20 19 18 17 16 15 14 13 12 11 10 09 08 07 27 28 29 30 31 32 
Krok 12 : 01 02 03 04 05 06 26 25 24 23 22 21 20 19 18 17 16 15 14 13 12 11 10 09 08 07 [27] 28 29 30 31 32 
Krok 13 : 01 02 03 04 05 06 [07] 25 24 23 22 21 20 19 18 17 16 15 14 13 12 11 10 09 08 26 27 28 29 30 31 32 
Krok 14 : 01 02 03 04 05 06 07 25 24 23 22 21 20 19 18 17 16 15 14 13 12 11 10 09 08 [26] 27 28 29 30 31 32 
Krok 15 : 01 02 03 04 05 06 07 [08] 24 23 22 21 20 19 18 17 16 15 14 13 12 11 10 09 25 26 27 28 29 30 31 32 
Krok 16 : 01 02 03 04 05 06 07 08 24 23 22 21 20 19 18 17 16 15 14 13 12 11 10 09 [25] 26 27 28 29 30 31 32 
Krok 17 : 01 02 03 04 05 06 07 08 [09] 23 22 21 20 19 18 17 16 15 14 13 12 11 10 24 25 26 27 28 29 30 31 32 
Krok 18 : 01 02 03 04 05 06 07 08 09 23 22 21 20 19 18 17 16 15 14 13 12 11 10 [24] 25 26 27 28 29 30 31 32 
Krok 19 : 01 02 03 04 05 06 07 08 09 [10] 22 21 20 19 18 17 16 15 14 13 12 11 23 24 25 26 27 28 29 30 31 32 
Krok 20 : 01 02 03 04 05 06 07 08 09 10 22 21 20 19 18 17 16 15 14 13 12 11 [23] 24 25 26 27 28 29 30 31 32 
Krok 21 : 01 02 03 04 05 06 07 08 09 10 [11] 21 20 19 18 17 16 15 14 13 12 22 23 24 25 26 27 28 29 30 31 32 
Krok 22 : 01 02 03 04 05 06 07 08 09 10 11 21 20 19 18 17 16 15 14 13 12 [22] 23 24 25 26 27 28 29 30 31 32 
Krok 23 : 01 02 03 04 05 06 07 08 09 10 11 [12] 20 19 18 17 16 15 14 13 21 22 23 24 25 26 27 28 29 30 31 32 
Krok 24 : 01 02 03 04 05 06 07 08 09 10 11 12 20 19 18 17 16 15 14 13 [21] 22 23 24 25 26 27 28 29 30 31 32 
Krok 25 : 01 02 03 04 05 06 07 08 09 10 11 12 [13] 19 18 17 16 15 14 20 21 22 23 24 25 26 27 28 29 30 31 32 
Krok 26 : 01 02 03 04 05 06 07 08 09 10 11 12 13 19 18 17 16 15 14 [20] 21 22 23 24 25 26 27 28 29 30 31 32 
Krok 27 : 01 02 03 04 05 06 07 08 09 10 11 12 13 [14] 18 17 16 15 19 20 21 22 23 24 25 26 27 28 29 30 31 32 
Krok 28 : 01 02 03 04 05 06 07 08 09 10 11 12 13 14 18 17 16 15 [19] 20 21 22 23 24 25 26 27 28 29 30 31 32 
Krok 29 : 01 02 03 04 05 06 07 08 09 10 11 12 13 14 [15] 17 16 18 19 20 21 22 23 24 25 26 27 28 29 30 31 32 
Krok 30 : 01 02 03 04 05 06 07 08 09 10 11 12 13 14 15 17 16 [18] 19 20 21 22 23 24 25 26 27 28 29 30 31 32 
Krok 31 : 01 02 03 04 05 06 07 08 09 10 11 12 13 14 15 [16] 17 18 19 20 21 22 23 24 25 26 27 28 29 30 31 32 
32 31 30 29 28 27 26 25 24 23 22 21 20 19 18 17 16 15 14 13 12 11 10 09 08 07 06 05 04 03 02 01 
01 02 03 04 05 06 07 08 09 10 11 12 13 14 15 16 17 18 19 20 21 22 23 24 25 26 27 28 29 30 31 32 
Tablica posortowana: 1 
32 271 496 
mypc@mypc-VirtualBox:~/List2$ ./reverseSortedGenerator 8 | ./hybridSort 40                                              
08 07 06 05 04 03 02 01 
Krok 01: [01] 07 06 05 04 03 02 08 
Krok 02: 01 07 06 05 04 03 02 [08] 
Krok 03: 01 [02] 06 05 04 03 07 08 
Krok 04: 01 02 05 06 04 03 07 08 
Krok 05: 01 02 04 05 06 03 07 08 
Krok 06: 01 02 03 04 05 06 07 08 
Krok 07: 01 02 03 04 05 06 07 08 
08 07 06 05 04 03 02 01 
01 02 03 04 05 06 07 08 
Tablica posortowana: 1
8 19 28
mypc@mypc-VirtualBox:~/List2$ ./reverseSortedGenerator 32 | ./hybridSort 40                                             
32 31 30 29 28 27 26 25 24 23 22 21 20 19 18 17 16 15 14 13 12 11 10 09 08 07 06 05 04 03 02 01 
Krok 01: [01] 31 30 29 28 27 26 25 24 23 22 21 20 19 18 17 16 15 14 13 12 11 10 09 08 07 06 05 04 03 02 32 
Krok 02: 01 31 30 29 28 27 26 25 24 23 22 21 20 19 18 17 16 15 14 13 12 11 10 09 08 07 06 05 04 03 02 [32] 
Krok 03: 01 [02] 30 29 28 27 26 25 24 23 22 21 20 19 18 17 16 15 14 13 12 11 10 09 08 07 06 05 04 03 31 32 
Krok 04: 01 02 30 29 28 27 26 25 24 23 22 21 20 19 18 17 16 15 14 13 12 11 10 09 08 07 06 05 04 03 [31] 32 
Krok 05: 01 02 [03] 29 28 27 26 25 24 23 22 21 20 19 18 17 16 15 14 13 12 11 10 09 08 07 06 05 04 30 31 32 
Krok 06: 01 02 03 29 28 27 26 25 24 23 22 21 20 19 18 17 16 15 14 13 12 11 10 09 08 07 06 05 04 [30] 31 32 
Krok 07: 01 02 03 [04] 28 27 26 25 24 23 22 21 20 19 18 17 16 15 14 13 12 11 10 09 08 07 06 05 29 30 31 32 
Krok 08: 01 02 03 04 28 27 26 25 24 23 22 21 20 19 18 17 16 15 14 13 12 11 10 09 08 07 06 05 [29] 30 31 32 
Krok 09: 01 02 03 04 [05] 27 26 25 24 23 22 21 20 19 18 17 16 15 14 13 12 11 10 09 08 07 06 28 29 30 31 32 
Krok 10: 01 02 03 04 05 27 26 25 24 23 22 21 20 19 18 17 16 15 14 13 12 11 10 09 08 07 06 [28] 29 30 31 32 
Krok 11: 01 02 03 04 05 [06] 26 25 24 23 22 21 20 19 18 17 16 15 14 13 12 11 10 09 08 07 27 28 29 30 31 32 
Krok 12: 01 02 03 04 05 06 26 25 24 23 22 21 20 19 18 17 16 15 14 13 12 11 10 09 08 07 [27] 28 29 30 31 32 
Krok 13: 01 02 03 04 05 06 [07] 25 24 23 22 21 20 19 18 17 16 15 14 13 12 11 10 09 08 26 27 28 29 30 31 32 
Krok 14: 01 02 03 04 05 06 07 25 24 23 22 21 20 19 18 17 16 15 14 13 12 11 10 09 08 [26] 27 28 29 30 31 32 
Krok 15: 01 02 03 04 05 06 07 [08] 24 23 22 21 20 19 18 17 16 15 14 13 12 11 10 09 25 26 27 28 29 30 31 32 
Krok 16: 01 02 03 04 05 06 07 08 24 23 22 21 20 19 18 17 16 15 14 13 12 11 10 09 [25] 26 27 28 29 30 31 32 
Krok 17: 01 02 03 04 05 06 07 08 [09] 23 22 21 20 19 18 17 16 15 14 13 12 11 10 24 25 26 27 28 29 30 31 32 
Krok 18: 01 02 03 04 05 06 07 08 09 23 22 21 20 19 18 17 16 15 14 13 12 11 10 [24] 25 26 27 28 29 30 31 32 
Krok 19: 01 02 03 04 05 06 07 08 09 [10] 22 21 20 19 18 17 16 15 14 13 12 11 23 24 25 26 27 28 29 30 31 32 
Krok 20: 01 02 03 04 05 06 07 08 09 10 22 21 20 19 18 17 16 15 14 13 12 11 [23] 24 25 26 27 28 29 30 31 32 
Krok 21: 01 02 03 04 05 06 07 08 09 10 [11] 21 20 19 18 17 16 15 14 13 12 22 23 24 25 26 27 28 29 30 31 32 
Krok 22: 01 02 03 04 05 06 07 08 09 10 11 21 20 19 18 17 16 15 14 13 12 [22] 23 24 25 26 27 28 29 30 31 32 
Krok 23: 01 02 03 04 05 06 07 08 09 10 11 [12] 20 19 18 17 16 15 14 13 21 22 23 24 25 26 27 28 29 30 31 32 
Krok 24: 01 02 03 04 05 06 07 08 09 10 11 12 20 19 18 17 16 15 14 13 [21] 22 23 24 25 26 27 28 29 30 31 32 
Krok 25: 01 02 03 04 05 06 07 08 09 10 11 12 [13] 19 18 17 16 15 14 20 21 22 23 24 25 26 27 28 29 30 31 32 
Krok 26: 01 02 03 04 05 06 07 08 09 10 11 12 13 19 18 17 16 15 14 [20] 21 22 23 24 25 26 27 28 29 30 31 32 
Krok 27: 01 02 03 04 05 06 07 08 09 10 11 12 13 [14] 18 17 16 15 19 20 21 22 23 24 25 26 27 28 29 30 31 32 
Krok 28: 01 02 03 04 05 06 07 08 09 10 11 12 13 14 17 18 16 15 19 20 21 22 23 24 25 26 27 28 29 30 31 32 
Krok 29: 01 02 03 04 05 06 07 08 09 10 11 12 13 14 16 17 18 15 19 20 21 22 23 24 25 26 27 28 29 30 31 32 
Krok 30: 01 02 03 04 05 06 07 08 09 10 11 12 13 14 15 16 17 18 19 20 21 22 23 24 25 26 27 28 29 30 31 32 
Krok 31: 01 02 03 04 05 06 07 08 09 10 11 12 13 14 15 16 17 18 19 20 21 22 23 24 25 26 27 28 29 30 31 32 
32 31 30 29 28 27 26 25 24 23 22 21 20 19 18 17 16 15 14 13 12 11 10 09 08 07 06 05 04 03 02 01 
01 02 03 04 05 06 07 08 09 10 11 12 13 14 15 16 17 18 19 20 21 22 23 24 25 26 27 28 29 30 31 32 
Tablica posortowana: 1
32 271 496
mypc@mypc-VirtualBox:~/List2$ ./randomGenerator 8 | ./Zad3Sort 40                                                       
08 09 02 02 02 02 04 01 
01 02 02 02 02 04 08 09 
8 6 6
mypc@mypc-VirtualBox:~/List2$ ./randomGenerator 32 | ./Zad3Sort 40                                                      
63 11 02 08 34 35 26 13 43 53 15 53 41 57 22 50 25 28 16 21 36 28 29 06 41 24 06 26 39 20 31 33 
02 06 06 08 11 13 15 16 20 21 22 24 25 26 26 28 28 29 31 33 34 35 36 39 41 41 43 50 53 53 57 63 
32 55 104
mypc@mypc-VirtualBox:~/List2$ ./sortedGenerator 8 | ./Zad3Sort 40                                                       
01 02 03 04 05 06 07 08 
01 02 03 04 05 06 07 08 
8 0 0
mypc@mypc-VirtualBox:~/List2$ ./sortedGenerator 32 | ./Zad3Sort 40                                                      
01 02 03 04 05 06 07 08 09 10 11 12 13 14 15 16 17 18 19 20 21 22 23 24 25 26 27 28 29 30 31 32 
01 02 03 04 05 06 07 08 09 10 11 12 13 14 15 16 17 18 19 20 21 22 23 24 25 26 27 28 29 30 31 32 
32 0 0
mypc@mypc-VirtualBox:~/List2$ ./reverseSortedGenerator 8 | ./Zad3Sort 40                                                
08 07 06 05 04 03 02 01 
01 02 03 04 05 06 07 08 
8 12 12
mypc@mypc-VirtualBox:~/List2$ ./reverseSortedGenerator 32 | ./Zad3Sort 40                                               
32 31 30 29 28 27 26 25 24 23 22 21 20 19 18 17 16 15 14 13 12 11 10 09 08 07 06 05 04 03 02 01 
01 02 03 04 05 06 07 08 09 10 11 12 13 14 15 16 17 18 19 20 21 22 23 24 25 26 27 28 29 30 31 32 
32 80 80
mypc@mypc-VirtualBox:~/List2$ ./randomGenerator 8 | ./dualPivotQuickSort 40                                             
08 01 01 11 04 01 14 12 
Krok 01 pivoty: 11 11  01 01 01 04 08 11 12 14 
Krok 02 pivoty: 01 01  01 01 01 04 08 11 12 14 
Krok 03 pivoty: 01 01  01 01 01 04 08 11 12 14 
08 01 01 11 04 01 14 12 
01 01 01 04 08 11 12 14 
Tablica posortowana: 1
8 4 15
mypc@mypc-VirtualBox:~/List2$ ./randomGenerator 32 | ./dualPivotQuickSort 40                                            
51 15 43 36 11 21 27 27 38 53 37 10 60 23 36 20 53 02 22 45 22 08 11 62 18 10 06 41 56 16 12 43 
Krok 01 pivoty: 43 45  10 15 36 11 21 27 27 38 12 37 10 16 23 36 20 41 02 22 22 08 11 06 18 43 43 45 51 56 53 60 53 62 
Krok 02 pivoty: 11 10  02 06 08 10 11 15 11 16 12 10 18 23 36 20 41 38 22 22 27 27 21 36 37 43 43 45 51 56 53 60 53 62 
Krok 03 pivoty: 06 06  02 06 08 10 11 15 11 16 12 10 18 23 36 20 41 38 22 22 27 27 21 36 37 43 43 45 51 56 53 60 53 62 
Krok 04 pivoty: 11 11  02 06 08 10 10 11 11 12 15 16 18 23 36 20 41 38 22 22 27 27 21 36 37 43 43 45 51 56 53 60 53 62 
Krok 05 pivoty: 15 15  02 06 08 10 10 11 11 12 15 16 18 23 36 20 41 38 22 22 27 27 21 36 37 43 43 45 51 56 53 60 53 62 
Krok 06 pivoty: 36 27  02 06 08 10 10 11 11 12 15 16 18 22 20 21 22 23 36 36 27 27 37 41 38 43 43 45 51 56 53 60 53 62 
Krok 07 pivoty: 22 22  02 06 08 10 10 11 11 12 15 16 18 21 20 22 22 23 36 36 27 27 37 41 38 43 43 45 51 56 53 60 53 62 
Krok 08 pivoty: 21 20  02 06 08 10 10 11 11 12 15 16 18 20 21 22 22 23 36 36 27 27 37 41 38 43 43 45 51 56 53 60 53 62 
Krok 09 pivoty: 36 27  02 06 08 10 10 11 11 12 15 16 18 20 21 22 22 23 27 36 27 36 37 41 38 43 43 45 51 56 53 60 53 62 
Krok 10 pivoty: 36 27  02 06 08 10 10 11 11 12 15 16 18 20 21 22 22 23 27 27 36 36 37 41 38 43 43 45 51 56 53 60 53 62 
Krok 11 pivoty: 41 38  02 06 08 10 10 11 11 12 15 16 18 20 21 22 22 23 27 27 36 36 37 38 41 43 43 45 51 56 53 60 53 62 
Krok 12 pivoty: 45 43  02 06 08 10 10 11 11 12 15 16 18 20 21 22 22 23 27 27 36 36 37 38 41 43 43 45 51 56 53 60 53 62 
Krok 13 pivoty: 60 60  02 06 08 10 10 11 11 12 15 16 18 20 21 22 22 23 27 27 36 36 37 38 41 43 43 45 51 53 53 56 60 62 
Krok 14 pivoty: 53 53  02 06 08 10 10 11 11 12 15 16 18 20 21 22 22 23 27 27 36 36 37 38 41 43 43 45 51 53 53 56 60 62 
51 15 43 36 11 21 27 27 38 53 37 10 60 23 36 20 53 02 22 45 22 08 11 62 18 10 06 41 56 16 12 43 
02 06 08 10 10 11 11 12 15 16 18 20 21 22 22 23 27 27 36 36 37 38 41 43 43 45 51 53 53 56 60 62 
Tablica posortowana: 1
32 67 120
mypc@mypc-VirtualBox:~/List2$ ./sortedGenerator 8 | ./dualPivotQuickSort 40                                             
01 02 03 04 05 06 07 08 
Krok 01 pivoty: 02 07  01 02 03 04 05 06 07 08 
Krok 02 pivoty: 03 06  01 02 03 04 05 06 07 08 
Krok 03 pivoty: 04 05  01 02 03 04 05 06 07 08 
Krok 04 pivoty: 05 04  01 02 03 04 05 06 07 08 
01 02 03 04 05 06 07 08 
01 02 03 04 05 06 07 08 
Tablica posortowana: 1
8 0 28
mypc@mypc-VirtualBox:~/List2$ ./sortedGenerator 32 | ./dualPivotQuickSort 40                                            
01 02 03 04 05 06 07 08 09 10 11 12 13 14 15 16 17 18 19 20 21 22 23 24 25 26 27 28 29 30 31 32 
Krok 01 pivoty: 02 31  01 02 03 04 05 06 07 08 09 10 11 12 13 14 15 16 17 18 19 20 21 22 23 24 25 26 27 28 29 30 31 32 
Krok 02 pivoty: 03 30  01 02 03 04 05 06 07 08 09 10 11 12 13 14 15 16 17 18 19 20 21 22 23 24 25 26 27 28 29 30 31 32 
Krok 03 pivoty: 04 29  01 02 03 04 05 06 07 08 09 10 11 12 13 14 15 16 17 18 19 20 21 22 23 24 25 26 27 28 29 30 31 32 
Krok 04 pivoty: 05 28  01 02 03 04 05 06 07 08 09 10 11 12 13 14 15 16 17 18 19 20 21 22 23 24 25 26 27 28 29 30 31 32 
Krok 05 pivoty: 06 27  01 02 03 04 05 06 07 08 09 10 11 12 13 14 15 16 17 18 19 20 21 22 23 24 25 26 27 28 29 30 31 32 
Krok 06 pivoty: 07 26  01 02 03 04 05 06 07 08 09 10 11 12 13 14 15 16 17 18 19 20 21 22 23 24 25 26 27 28 29 30 31 32 
Krok 07 pivoty: 08 25  01 02 03 04 05 06 07 08 09 10 11 12 13 14 15 16 17 18 19 20 21 22 23 24 25 26 27 28 29 30 31 32 
Krok 08 pivoty: 09 24  01 02 03 04 05 06 07 08 09 10 11 12 13 14 15 16 17 18 19 20 21 22 23 24 25 26 27 28 29 30 31 32 
Krok 09 pivoty: 10 23  01 02 03 04 05 06 07 08 09 10 11 12 13 14 15 16 17 18 19 20 21 22 23 24 25 26 27 28 29 30 31 32 
Krok 10 pivoty: 11 22  01 02 03 04 05 06 07 08 09 10 11 12 13 14 15 16 17 18 19 20 21 22 23 24 25 26 27 28 29 30 31 32 
Krok 11 pivoty: 12 21  01 02 03 04 05 06 07 08 09 10 11 12 13 14 15 16 17 18 19 20 21 22 23 24 25 26 27 28 29 30 31 32 
Krok 12 pivoty: 13 20  01 02 03 04 05 06 07 08 09 10 11 12 13 14 15 16 17 18 19 20 21 22 23 24 25 26 27 28 29 30 31 32 
Krok 13 pivoty: 14 19  01 02 03 04 05 06 07 08 09 10 11 12 13 14 15 16 17 18 19 20 21 22 23 24 25 26 27 28 29 30 31 32 
Krok 14 pivoty: 15 18  01 02 03 04 05 06 07 08 09 10 11 12 13 14 15 16 17 18 19 20 21 22 23 24 25 26 27 28 29 30 31 32 
Krok 15 pivoty: 16 17  01 02 03 04 05 06 07 08 09 10 11 12 13 14 15 16 17 18 19 20 21 22 23 24 25 26 27 28 29 30 31 32 
Krok 16 pivoty: 17 16  01 02 03 04 05 06 07 08 09 10 11 12 13 14 15 16 17 18 19 20 21 22 23 24 25 26 27 28 29 30 31 32 
01 02 03 04 05 06 07 08 09 10 11 12 13 14 15 16 17 18 19 20 21 22 23 24 25 26 27 28 29 30 31 32 
01 02 03 04 05 06 07 08 09 10 11 12 13 14 15 16 17 18 19 20 21 22 23 24 25 26 27 28 29 30 31 32 
Tablica posortowana: 1
32 0 496
mypc@mypc-VirtualBox:~/List2$ ./reverseSortedGenerator 8 | ./dualPivotQuickSort 40                                      
08 07 06 05 04 03 02 01 
Krok 01 pivoty: 07 02  01 07 06 05 04 03 02 08 
Krok 02 pivoty: 06 03  01 02 06 05 04 03 07 08 
Krok 03 pivoty: 05 04  01 02 03 05 04 06 07 08 
Krok 04 pivoty: 05 04  01 02 03 04 05 06 07 08 
08 07 06 05 04 03 02 01 
01 02 03 04 05 06 07 08 
Tablica posortowana: 1
8 4 28
mypc@mypc-VirtualBox:~/List2$ ./reverseSortedGenerator 32 | ./dualPivotQuickSort 40                                     
32 31 30 29 28 27 26 25 24 23 22 21 20 19 18 17 16 15 14 13 12 11 10 09 08 07 06 05 04 03 02 01 
Krok 01 pivoty: 31 02  01 31 30 29 28 27 26 25 24 23 22 21 20 19 18 17 16 15 14 13 12 11 10 09 08 07 06 05 04 03 02 32 
Krok 02 pivoty: 30 03  01 02 30 29 28 27 26 25 24 23 22 21 20 19 18 17 16 15 14 13 12 11 10 09 08 07 06 05 04 03 31 32 
Krok 03 pivoty: 29 04  01 02 03 29 28 27 26 25 24 23 22 21 20 19 18 17 16 15 14 13 12 11 10 09 08 07 06 05 04 30 31 32 
Krok 04 pivoty: 28 05  01 02 03 04 28 27 26 25 24 23 22 21 20 19 18 17 16 15 14 13 12 11 10 09 08 07 06 05 29 30 31 32 
Krok 05 pivoty: 27 06  01 02 03 04 05 27 26 25 24 23 22 21 20 19 18 17 16 15 14 13 12 11 10 09 08 07 06 28 29 30 31 32 
Krok 06 pivoty: 26 07  01 02 03 04 05 06 26 25 24 23 22 21 20 19 18 17 16 15 14 13 12 11 10 09 08 07 27 28 29 30 31 32 
Krok 07 pivoty: 25 08  01 02 03 04 05 06 07 25 24 23 22 21 20 19 18 17 16 15 14 13 12 11 10 09 08 26 27 28 29 30 31 32 
Krok 08 pivoty: 24 09  01 02 03 04 05 06 07 08 24 23 22 21 20 19 18 17 16 15 14 13 12 11 10 09 25 26 27 28 29 30 31 32 
Krok 09 pivoty: 23 10  01 02 03 04 05 06 07 08 09 23 22 21 20 19 18 17 16 15 14 13 12 11 10 24 25 26 27 28 29 30 31 32 
Krok 10 pivoty: 22 11  01 02 03 04 05 06 07 08 09 10 22 21 20 19 18 17 16 15 14 13 12 11 23 24 25 26 27 28 29 30 31 32 
Krok 11 pivoty: 21 12  01 02 03 04 05 06 07 08 09 10 11 21 20 19 18 17 16 15 14 13 12 22 23 24 25 26 27 28 29 30 31 32 
Krok 12 pivoty: 20 13  01 02 03 04 05 06 07 08 09 10 11 12 20 19 18 17 16 15 14 13 21 22 23 24 25 26 27 28 29 30 31 32 
Krok 13 pivoty: 19 14  01 02 03 04 05 06 07 08 09 10 11 12 13 19 18 17 16 15 14 20 21 22 23 24 25 26 27 28 29 30 31 32 
Krok 14 pivoty: 18 15  01 02 03 04 05 06 07 08 09 10 11 12 13 14 18 17 16 15 19 20 21 22 23 24 25 26 27 28 29 30 31 32 
Krok 15 pivoty: 17 16  01 02 03 04 05 06 07 08 09 10 11 12 13 14 15 17 16 18 19 20 21 22 23 24 25 26 27 28 29 30 31 32 
Krok 16 pivoty: 17 16  01 02 03 04 05 06 07 08 09 10 11 12 13 14 15 16 17 18 19 20 21 22 23 24 25 26 27 28 29 30 31 32 
32 31 30 29 28 27 26 25 24 23 22 21 20 19 18 17 16 15 14 13 12 11 10 09 08 07 06 05 04 03 02 01 
01 02 03 04 05 06 07 08 09 10 11 12 13 14 15 16 17 18 19 20 21 22 23 24 25 26 27 28 29 30 31 32 
Tablica posortowana: 1
32 16 496
mypc@mypc-VirtualBox:~/List2$ tmux capture-pane -p -S'-' -E'-' -J -> List2-tmux                                         
command capture-pane: too many arguments (need at most 0)
mypc@mypc-VirtualBox:~/List2$ tmux capture-pane -p -S'-' -E'-' -J > List2-tmux                                         

