D
40
90
1 5
1 12
1 25
2 4
2 7
2 16
3 2
3 6
3 10
3 30
4 8
4 11
5 9
5 18
6 1
6 13
6 27
7 3
7 9
8 14
8 15
8 22
9 5
9 19
9 28
10 7
10 20
11 8
11 21
11 35
12 6
12 26
13 2
13 9
13 17
14 10
14 18
15 12
15 24
16 4
16 8
16 19
17 11
17 20
17 31
18 9
18 33
19 15
19 27
20 13
20 29
21 14
21 22
21 36
22 25
22 30
23 9
23 21
23 32
24 10
24 28
25 11
25 33
25 37
26 15
26 18
27 2
27 17
28 34
28 40
29 16
29 31
30 5
30 35
31 23
31 38
32 26
32 39
33 22
34 25
34 30
35 19
35 40
36 24
36 33
37 21
38 28
38 39
39 37
40 3
40 6
40 29
